{
  "camera_angle_x": 0.4748520789364744,
  "camera_angle_y": 0.9847681687784811,
  "fl_x": 1487.662882308506,
  "fl_y": 1491.2730283218061,
  "k1": 0.14609502588427253,
  "k2": -0.3628958032123568,
  "k3": 0,
  "k4": 0,
  "p1": -0.006344610405725973,
  "p2": 0.001925828686270298,
  "is_fisheye": false,
  "cx": 340.9793452806879,
  "cy": 795.1023772911441,
  "w": 720.0,
  "h": 1600.0,
  "aabb_scale": 16,
  "frames": [
    {
      "file_path": "./data\\paper1\\frames50/frame_1268.jpg",
      "sharpness": 12.005917842878931,
      "transform_matrix": [
        [
          -0.2937102476116699,
          0.03914730104029026,
          0.9550925501030024,
          1.9096587490889303
        ],
        [
          0.9540171369107342,
          0.074595016928452,
          0.29032203831252873,
          0.8004734069305369
        ],
        [
          -0.05987982071072061,
          0.9964452178939357,
          -0.059256516948892696,
          0.7468631486529496
        ],
        [
          0.0,
          0.0,
          0.0,
          1.0
        ]
      ]
    },
    {
      "file_path": "./data\\paper1\\frames50/frame_1178.jpg",
      "sharpness": 12.873574447455514,
      "transform_matrix": [
        [
          -0.8779819516410837,
          0.17948534351647258,
          0.44377100406447345,
          0.9470730310588626
        ],
        [
          0.3946849561192042,
          -0.2531494839943716,
          0.8832548466702106,
          2.131673694952938
        ],
        [
          0.27087170025777774,
          0.9506315533421199,
          0.15142051308447232,
          0.8039261831935726
        ],
        [
          0.0,
          0.0,
          0.0,
          1.0
        ]
      ]
    },
    {
      "file_path": "./data\\paper1\\frames50/frame_1222.jpg",
      "sharpness": 12.303338451458217,
      "transform_matrix": [
        [
          -0.742967543014021,
          0.03199907013490379,
          0.6685621059642208,
          1.598660928998205
        ],
        [
          0.6642177032782333,
          -0.08793936970660504,
          0.7423486444435969,
          1.4423791557278327
        ],
        [
          0.08254739654631549,
          0.9956117349444619,
          0.04408174857307306,
          0.7480072304138013
        ],
        [
          0.0,
          0.0,
          0.0,
          1.0
        ]
      ]
    },
    {
      "file_path": "./data\\paper1\\frames50/frame_1358.jpg",
      "sharpness": 25.295425268120667,
      "transform_matrix": [
        [
          -0.008503453802091936,
          0.08051785309760759,
          0.9967168939067357,
          2.6751550387789025
        ],
        [
          0.9954289373717883,
          0.09550196909210318,
          0.0007775231543119088,
          -0.25068986302205876
        ],
        [
          -0.09512582150033927,
          0.9921674501943144,
          -0.0809618975305928,
          0.569117742574342
        ],
        [
          0.0,
          0.0,
          0.0,
          1.0
        ]
      ]
    },
    {
      "file_path": "./data\\paper1\\frames50/frame_1402.jpg",
      "sharpness": 20.52684874666944,
      "transform_matrix": [
        [
          -0.06192607350612889,
          0.04983108031216784,
          0.9968360069982121,
          3.8374667076277293
        ],
        [
          0.992177655713983,
          0.1115377247210739,
          0.05606099772393233,
          0.1964074430740728
        ],
        [
          -0.10839124006065952,
          0.9925100500206531,
          -0.056348377785605516,
          0.11496316469712532
        ],
        [
          0.0,
          0.0,
          0.0,
          1.0
        ]
      ]
    },
    {
      "file_path": "./data\\paper1\\frames50/frame_1312.jpg",
      "sharpness": 17.6448508436415,
      "transform_matrix": [
        [
          -0.04944061989284254,
          0.09588671905915357,
          0.9941636496099554,
          2.2423380955173973
        ],
        [
          0.993875742327868,
          0.10321345464804185,
          0.039471402200807755,
          0.26110451242245053
        ],
        [
          -0.09882628150804917,
          0.9900266258443245,
          -0.10040242126338099,
          0.5936712826113789
        ],
        [
          0.0,
          0.0,
          0.0,
          1.0
        ]
      ]
    },
    {
      "file_path": "./data\\paper1\\frames50/frame_198.jpg",
      "sharpness": 28.42514408448773,
      "transform_matrix": [
        [
          -0.9151309430427818,
          0.09460191040827926,
          0.3919002878613853,
          2.2204807500637607
        ],
        [
          0.3895339935120298,
          -0.04307801580305986,
          0.9200041045848076,
          4.431229669270377
        ],
        [
          0.10391643267089763,
          0.9945827080210843,
          0.0025713652710617468,
          -0.5883034803539966
        ],
        [
          0.0,
          0.0,
          0.0,
          1.0
        ]
      ]
    },
    {
      "file_path": "./data\\paper1\\frames50/frame_1088.jpg",
      "sharpness": 19.17281505516901,
      "transform_matrix": [
        [
          -0.9077887314352276,
          0.2590037357948616,
          0.32990405259200617,
          0.699500107949591
        ],
        [
          0.24372834785128802,
          -0.31437870457168754,
          0.9174761700258819,
          2.239230376941888
        ],
        [
          0.34134456422628984,
          0.9132814981975409,
          0.2222628928007894,
          0.836771501727428
        ],
        [
          0.0,
          0.0,
          0.0,
          1.0
        ]
      ]
    },
    {
      "file_path": "./data\\paper1\\frames50/frame_468.jpg",
      "sharpness": 23.485510439663358,
      "transform_matrix": [
        [
          -0.24136057049569035,
          -0.023846839864033433,
          0.9701424654305149,
          5.115108564239607
        ],
        [
          0.9649902262582108,
          0.09985716662349023,
          0.24253331626790453,
          1.133565720834475
        ],
        [
          -0.1026593309737522,
          0.9947159767971242,
          -0.0010896153083918769,
          -0.41883449917562143
        ],
        [
          0.0,
          0.0,
          0.0,
          1.0
        ]
      ]
    },
    {
      "file_path": "./data\\paper1\\frames50/frame_242.jpg",
      "sharpness": 32.590362837091874,
      "transform_matrix": [
        [
          -0.8219989490738051,
          0.05145879272726184,
          0.5671593430119232,
          3.0430725931468308
        ],
        [
          0.5671295179015594,
          -0.016595215424537495,
          0.8234614191020792,
          3.8332889125814256
        ],
        [
          0.05178646196179282,
          0.9985372258804506,
          -0.015542550672585028,
          -0.5963445457806928
        ],
        [
          0.0,
          0.0,
          0.0,
          1.0
        ]
      ]
    },
    {
      "file_path": "./data\\paper1\\frames50/frame_1042.jpg",
      "sharpness": 24.20231747202932,
      "transform_matrix": [
        [
          -0.8531002044198085,
          0.20139595682419284,
          0.48131040897413835,
          1.1073657352654755
        ],
        [
          0.3848781364910589,
          -0.3799181388271556,
          0.8411486359979023,
          2.118962981956384
        ],
        [
          0.352262489153754,
          0.9028299265969698,
          0.24659534133691058,
          0.9624373930796986
        ],
        [
          0.0,
          0.0,
          0.0,
          1.0
        ]
      ]
    },
    {
      "file_path": "./data\\paper1\\frames50/frame_378.jpg",
      "sharpness": 26.851981756690513,
      "transform_matrix": [
        [
          -0.3757466052953499,
          -0.023039644112143483,
          0.9264360007044793,
          4.426267427617441
        ],
        [
          0.9246556022725513,
          0.05740864114732328,
          0.3764522082648146,
          1.926281727583574
        ],
        [
          -0.06185875681405662,
          0.9980848775098163,
          -0.0002673660230664107,
          -0.4572440661884731
        ],
        [
          0.0,
          0.0,
          0.0,
          1.0
        ]
      ]
    },
    {
      "file_path": "./data\\paper1\\frames50/frame_1448.jpg",
      "sharpness": 28.777518208151747,
      "transform_matrix": [
        [
          -0.16830378750097597,
          0.03786961848230838,
          0.9850074756578928,
          4.800317157527723
        ],
        [
          0.9771736621012415,
          0.1378244942619691,
          0.16166645563298981,
          0.6654367986215758
        ],
        [
          -0.12963591018059958,
          0.9897324389806132,
          -0.06020157816943007,
          -0.24460659214555242
        ],
        [
          0.0,
          0.0,
          0.0,
          1.0
        ]
      ]
    },
    {
      "file_path": "./data\\paper1\\frames50/frame_1538.jpg",
      "sharpness": 32.7314260988973,
      "transform_matrix": [
        [
          -0.21471967643107984,
          0.025619921396990816,
          0.9763396336183675,
          5.328063441474143
        ],
        [
          0.9716146387201426,
          0.10723953013070604,
          0.21086649094136264,
          1.6681280563444607
        ],
        [
          -0.09929982063404243,
          0.9939030650913534,
          -0.04791912788246195,
          -0.554774624869587
        ],
        [
          0.0,
          0.0,
          0.0,
          1.0
        ]
      ]
    },
    {
      "file_path": "./data\\paper1\\frames50/frame_288.jpg",
      "sharpness": 42.47016917371886,
      "transform_matrix": [
        [
          -0.6688433233774272,
          0.012471284321381167,
          0.743298779653187,
          3.49055132282751
        ],
        [
          0.7433620915238616,
          0.021759653601307678,
          0.6685352035310282,
          3.1637893959685863
        ],
        [
          -0.007836431365440199,
          0.9996854427946248,
          -0.02382447902737091,
          -0.5488722601933614
        ],
        [
          0.0,
          0.0,
          0.0,
          1.0
        ]
      ]
    },
    {
      "file_path": "./data\\paper1\\frames50/frame_1493.jpg",
      "sharpness": 33.07923593529294,
      "transform_matrix": [
        [
          -0.14308494154055806,
          0.014319422765892448,
          0.9896068176953362,
          5.374527028478855
        ],
        [
          0.9795243668880519,
          0.14513515321287654,
          0.13952706538262777,
          0.8555883028819227
        ],
        [
          -0.14162879007022164,
          0.989308213564723,
          -0.03479287843190756,
          -0.4223898219204366
        ],
        [
          0.0,
          0.0,
          0.0,
          1.0
        ]
      ]
    },
    {
      "file_path": "./data\\paper1\\frames50/frame_332.jpg",
      "sharpness": 52.36959711341387,
      "transform_matrix": [
        [
          -0.5019803910459447,
          0.007765433170109302,
          0.8648441391638984,
          3.8835182477746786
        ],
        [
          0.8644973027223921,
          0.03421029064680832,
          0.5014719031006841,
          2.412090549177212
        ],
        [
          -0.02569242281476983,
          0.9993844875994948,
          -0.023886091106710753,
          -0.4390987568189979
        ],
        [
          0.0,
          0.0,
          0.0,
          1.0
        ]
      ]
    },
    {
      "file_path": "./data\\paper1\\frames50/frame_422.jpg",
      "sharpness": 43.54239574771457,
      "transform_matrix": [
        [
          -0.33193260546084413,
          -0.029655376337230175,
          0.9428368385247664,
          5.010588504254085
        ],
        [
          0.9408276469360585,
          0.06195526022932482,
          0.333173955300423,
          1.906524834056749
        ],
        [
          -0.06829410071479339,
          0.9976382632884526,
          0.007335626988435117,
          -0.5721345970015798
        ],
        [
          0.0,
          0.0,
          0.0,
          1.0
        ]
      ]
    },
    {
      "file_path": "./data\\paper1\\frames50/frame_1132.jpg",
      "sharpness": 27.62596783492174,
      "transform_matrix": [
        [
          -0.9277288077324198,
          0.28264935360659293,
          0.24377982320582142,
          0.4809540020283232
        ],
        [
          0.16482713649429293,
          -0.2757559770948398,
          0.9469903147189066,
          2.3416336916433105
        ],
        [
          0.33488994367113156,
          0.9187317258024208,
          0.2092384802683466,
          0.8568534789146498
        ],
        [
          0.0,
          0.0,
          0.0,
          1.0
        ]
      ]
    },
    {
      "file_path": "./data\\paper1\\frames50/frame_512.jpg",
      "sharpness": 43.76025544552274,
      "transform_matrix": [
        [
          -0.054040036650675596,
          -0.05350032257828629,
          0.9971045030065387,
          5.079384620931167
        ],
        [
          0.9880837058567226,
          0.14125743971254717,
          0.06113040116139878,
          0.22345081795462518
        ],
        [
          -0.14411892540203033,
          0.9885262015763591,
          0.045229239778436535,
          -0.20854600154833422
        ],
        [
          0.0,
          0.0,
          0.0,
          1.0
        ]
      ]
    },
    {
      "file_path": "./data\\paper1\\frames50/frame_558.jpg",
      "sharpness": 32.203294118922834,
      "transform_matrix": [
        [
          0.14941484306901023,
          -0.08499126610357603,
          0.9851150640153047,
          4.587806503116378
        ],
        [
          0.9709952381494367,
          0.2006966653766283,
          -0.12995805476257524,
          -0.47774614016392136
        ],
        [
          -0.18666400874552622,
          0.9759596985460423,
          0.11251317543258649,
          0.022789632954950113
        ],
        [
          0.0,
          0.0,
          0.0,
          1.0
        ]
      ]
    },
    {
      "file_path": "./data\\paper1\\frames50/frame_0.jpg",
      "sharpness": 95.68431405519085,
      "transform_matrix": [
        [
          -0.951719625656842,
          0.259658995292734,
          -0.16372831244556255,
          -0.4480639492534418
        ],
        [
          -0.18030214975459516,
          -0.041182068551434914,
          0.9827487837812613,
          5.04577806530488
        ],
        [
          0.24843689123485466,
          0.9648218713246463,
          0.08601085791994437,
          -0.186424075090569
        ],
        [
          0.0,
          0.0,
          0.0,
          1.0
        ]
      ]
    },
    {
      "file_path": "./data\\paper1\\frames50/frame_693.jpg",
      "sharpness": 25.865549442363974,
      "transform_matrix": [
        [
          0.1725795073514382,
          -0.12449797829831834,
          0.9770959866026827,
          4.277181691527599
        ],
        [
          0.967902574147024,
          0.2054345562885356,
          -0.14478000567049826,
          -0.7068098991777373
        ],
        [
          -0.18270446245503497,
          0.9707197826744156,
          0.15595570818827942,
          0.8670837352219355
        ],
        [
          0.0,
          0.0,
          0.0,
          1.0
        ]
      ]
    },
    {
      "file_path": "./data\\paper1\\frames50/frame_648.jpg",
      "sharpness": 30.971599825917956,
      "transform_matrix": [
        [
          0.21037520528322914,
          -0.08709695159170286,
          0.9737332252822511,
          4.261258838932334
        ],
        [
          0.9571853531446226,
          0.22093656929610492,
          -0.18703804979982952,
          -0.9625836913409497
        ],
        [
          -0.1988428342342696,
          0.9713913492328581,
          0.12984750248736465,
          0.47618176583792704
        ],
        [
          0.0,
          0.0,
          0.0,
          1.0
        ]
      ]
    },
    {
      "file_path": "./data\\paper1\\frames50/frame_602.jpg",
      "sharpness": 36.93636264503461,
      "transform_matrix": [
        [
          0.24168663768081855,
          -0.09266495161846576,
          0.9659196529221216,
          4.277701305330643
        ],
        [
          0.959217599326227,
          0.17319521121686612,
          -0.22339430600224983,
          -1.0395296588088596
        ],
        [
          -0.1465918357488296,
          0.9805185493127038,
          0.13074482069456927,
          0.2585516050377577
        ],
        [
          0.0,
          0.0,
          0.0,
          1.0
        ]
      ]
    },
    {
      "file_path": "./data\\paper1\\frames50/frame_963.jpg",
      "sharpness": 17.504256525299454,
      "transform_matrix": [
        [
          -0.5689934414454247,
          -0.1152886327365729,
          0.8142204828834306,
          2.1135318024680187
        ],
        [
          0.812948687538011,
          -0.22808537865498504,
          0.5358091931591783,
          1.7859788230447757
        ],
        [
          0.12393907786010414,
          0.9667913897003878,
          0.22350282721553144,
          1.1548889600835182
        ],
        [
          0.0,
          0.0,
          0.0,
          1.0
        ]
      ]
    },
    {
      "file_path": "./data\\paper1\\frames50/frame_918.jpg",
      "sharpness": 27.662473926356927,
      "transform_matrix": [
        [
          -0.4448609418182215,
          -0.17419366270655312,
          0.8784960502532634,
          2.739954666490002
        ],
        [
          0.8943894453166599,
          -0.1373845071294847,
          0.42566773110819417,
          1.572789808933733
        ],
        [
          0.046543125701519084,
          0.9750805428613097,
          0.21691397459864611,
          1.0145294496040118
        ],
        [
          0.0,
          0.0,
          0.0,
          1.0
        ]
      ]
    },
    {
      "file_path": "./data\\paper1\\frames50/frame_738.jpg",
      "sharpness": 38.82403816948483,
      "transform_matrix": [
        [
          6.431320992195527e-05,
          -0.1988377066726492,
          0.9800324291889919,
          4.1658555229753285
        ],
        [
          0.9995836002032131,
          0.028291805967273823,
          0.005674497312132831,
          -0.2041116413751044
        ],
        [
          -0.02885519136031556,
          0.9796239789394962,
          0.1987567302288533,
          1.0455402266880287
        ],
        [
          0.0,
          0.0,
          0.0,
          1.0
        ]
      ]
    },
    {
      "file_path": "./data\\paper1\\frames50/frame_828.jpg",
      "sharpness": 35.38711834669701,
      "transform_matrix": [
        [
          -0.12129440970477484,
          -0.24467674166756193,
          0.961988023966213,
          3.551002838679413
        ],
        [
          0.9900075969264904,
          -0.1000402936827467,
          0.09938258231479698,
          0.4557213855279739
        ],
        [
          0.07192095801757234,
          0.9644300035356632,
          0.2543661614110476,
          1.1218408285711428
        ],
        [
          0.0,
          0.0,
          0.0,
          1.0
        ]
      ]
    },
    {
      "file_path": "./data\\paper1\\frames50/frame_783.jpg",
      "sharpness": 38.75708887756728,
      "transform_matrix": [
        [
          -0.03839999226761838,
          -0.254371960679731,
          0.9663438033158283,
          3.868626014638284
        ],
        [
          0.9962657200937762,
          -0.08458428757683491,
          0.01732377733061877,
          -0.052383213798796804
        ],
        [
          0.07733081895178978,
          0.9634004379841437,
          0.2566701005671703,
          1.1722561317997282
        ],
        [
          0.0,
          0.0,
          0.0,
          1.0
        ]
      ]
    },
    {
      "file_path": "./data\\paper1\\frames50/frame_873.jpg",
      "sharpness": 43.875051182363215,
      "transform_matrix": [
        [
          -0.21964259518518658,
          -0.21701976008450663,
          0.9511359283016719,
          3.1166440987005024
        ],
        [
          0.9755378963568777,
          -0.057959162537673935,
          0.21205317316508407,
          0.9052487586757785
        ],
        [
          0.00910731309841316,
          0.9744450519160919,
          0.2244413010952485,
          1.1344659558746206
        ],
        [
          0.0,
          0.0,
          0.0,
          1.0
        ]
      ]
    }
  ]
}