{
  "camera_angle_x": 0.4546919474559487,
  "camera_angle_y": 0.9457860097033032,
  "fl_x": 825.60475736642,
  "fl_y": 830.7096775201418,
  "k1": 0.1259437390480238,
  "k2": -0.3483659116294992,
  "k3": 0,
  "k4": 0,
  "p1": 0.006469019139643539,
  "p2": -0.0013058861637826236,
  "is_fisheye": false,
  "cx": 174.12731635938593,
  "cy": 464.5152306616509,
  "w": 382.0,
  "h": 850.0,
  "aabb_scale": 16,
  "frames": [
    {
      "file_path": "./data\\paper1\\mangkok_frame/frame_1224.jpg",
      "sharpness": 198.9858189213345,
      "transform_matrix": [
        [
          0.7923003867528502,
          -0.12020062478320864,
          0.5981738100305695,
          3.123534853807946
        ],
        [
          0.5025407875919129,
          0.6845345321472622,
          -0.5280769177943481,
          -2.4751527216420905
        ],
        [
          -0.34599545373954965,
          0.7190022838133326,
          0.602762691213551,
          2.8120263001018144
        ],
        [
          0.0,
          0.0,
          0.0,
          1.0
        ]
      ]
    },
    {
      "file_path": "./data\\paper1\\mangkok_frame/frame_12.jpg",
      "sharpness": 30.767337432899858,
      "transform_matrix": [
        [
          -0.1337563780647951,
          -0.4665891365445233,
          0.8743018981102015,
          2.6948693232816385
        ],
        [
          0.9748812172007134,
          0.0965903712480621,
          0.20069108733116936,
          0.5372463702250435
        ],
        [
          -0.17808942607138153,
          0.8791842115818702,
          0.44194940715308,
          1.0539423250029913
        ],
        [
          0.0,
          0.0,
          0.0,
          1.0
        ]
      ]
    },
    {
      "file_path": "./data\\paper1\\mangkok_frame/frame_1211.jpg",
      "sharpness": 188.08212171287155,
      "transform_matrix": [
        [
          0.8075544466811528,
          -0.10841484188577676,
          0.5797430790944006,
          2.944443243511589
        ],
        [
          0.47304575494393575,
          0.706134315519465,
          -0.5268795328897571,
          -2.444544293442429
        ],
        [
          -0.3522549210823767,
          0.6997289121741446,
          0.6215270871788809,
          2.9518492612657017
        ],
        [
          0.0,
          0.0,
          0.0,
          1.0
        ]
      ]
    },
    {
      "file_path": "./data\\paper1\\mangkok_frame/frame_1110.jpg",
      "sharpness": 98.44199385203977,
      "transform_matrix": [
        [
          0.908579968113954,
          -0.08748282465131685,
          0.40844730013375125,
          1.5612652490267385
        ],
        [
          0.32972357351490694,
          0.7505225389612868,
          -0.5727113440315403,
          -2.5830689086448984
        ],
        [
          -0.2564464986425345,
          0.6550287580912932,
          0.71075489408346,
          3.235641468189076
        ],
        [
          0.0,
          0.0,
          0.0,
          1.0
        ]
      ]
    },
    {
      "file_path": "./data\\paper1\\mangkok_frame/frame_1123.jpg",
      "sharpness": 107.48770813033549,
      "transform_matrix": [
        [
          0.9036968369904441,
          -0.08984213493403964,
          0.41864115619159803,
          1.7002951227658567
        ],
        [
          0.3154505413689882,
          0.8008271629398589,
          -0.5090842867840837,
          -2.3890763947689204
        ],
        [
          -0.289521990216725,
          0.592118439088291,
          0.7520457242274701,
          3.3689571354456866
        ],
        [
          0.0,
          0.0,
          0.0,
          1.0
        ]
      ]
    },
    {
      "file_path": "./data\\paper1\\mangkok_frame/frame_1136.jpg",
      "sharpness": 68.15607566610254,
      "transform_matrix": [
        [
          0.9038682805331242,
          -0.09234858480945288,
          0.4177246346377747,
          1.8645701821032157
        ],
        [
          0.2976362313940205,
          0.8371216627363198,
          -0.45895533066072414,
          -2.168198493227629
        ],
        [
          -0.307302465436623,
          0.5391651515798516,
          0.7841340026517638,
          3.5886019251864476
        ],
        [
          0.0,
          0.0,
          0.0,
          1.0
        ]
      ]
    },
    {
      "file_path": "./data\\paper1\\mangkok_frame/frame_1237.jpg",
      "sharpness": 152.72915624845805,
      "transform_matrix": [
        [
          0.7601900857937477,
          -0.14135311302714246,
          0.6341374700740434,
          3.250720143816732
        ],
        [
          0.546678153543953,
          0.6665866503171457,
          -0.5067595426427524,
          -2.4828434131104515
        ],
        [
          -0.3510755331084818,
          0.7319026814315057,
          0.5840072217209259,
          2.889519964250372
        ],
        [
          0.0,
          0.0,
          0.0,
          1.0
        ]
      ]
    },
    {
      "file_path": "./data\\paper1\\mangkok_frame/frame_1073.jpg",
      "sharpness": 195.91599560254562,
      "transform_matrix": [
        [
          0.8926059444100917,
          -0.138735662667046,
          0.4289604223720192,
          1.6403740221857375
        ],
        [
          0.39040398248477476,
          0.7137175307398175,
          -0.5815427901517094,
          -2.671886152763139
        ],
        [
          -0.22547584907952653,
          0.6865564086406339,
          0.6912314657859326,
          3.157547436154736
        ],
        [
          0.0,
          0.0,
          0.0,
          1.0
        ]
      ]
    },
    {
      "file_path": "./data\\paper1\\mangkok_frame/frame_0.jpg",
      "sharpness": 114.63891547162675,
      "transform_matrix": [
        [
          -0.10692532929528784,
          -0.4525302795257676,
          0.8853153789022885,
          2.718121735906611
        ],
        [
          0.9807083189044496,
          0.09854652813949656,
          0.16881876384457278,
          0.43247284740816044
        ],
        [
          -0.16364035929110246,
          0.8862871588588236,
          0.4332630897148533,
          0.8791870722846367
        ],
        [
          0.0,
          0.0,
          0.0,
          1.0
        ]
      ]
    },
    {
      "file_path": "./data\\paper1\\mangkok_frame/frame_1022.jpg",
      "sharpness": 172.23198515053912,
      "transform_matrix": [
        [
          0.7262138658060302,
          -0.31749998820873354,
          0.6097599352630451,
          2.6993085062333346
        ],
        [
          0.6352131450781261,
          0.6490934890908996,
          -0.41854737216055715,
          -1.9395547285363195
        ],
        [
          -0.26290241816195764,
          0.6912824313807466,
          0.673060858054564,
          2.8755589165055353
        ],
        [
          0.0,
          0.0,
          0.0,
          1.0
        ]
      ]
    },
    {
      "file_path": "./data\\paper1\\mangkok_frame/frame_1187.jpg",
      "sharpness": 183.76206649827392,
      "transform_matrix": [
        [
          0.8555468058940472,
          -0.09299812821215513,
          0.5093044385502706,
          2.3723875105352903
        ],
        [
          0.36672842702734937,
          0.8032436110347692,
          -0.46937188043663286,
          -2.1386172289978007
        ],
        [
          -0.36544483002112843,
          0.588346028711632,
          0.7213175630513287,
          3.465860026087465
        ],
        [
          0.0,
          0.0,
          0.0,
          1.0
        ]
      ]
    },
    {
      "file_path": "./data\\paper1\\mangkok_frame/frame_1174.jpg",
      "sharpness": 156.65200181704296,
      "transform_matrix": [
        [
          0.888231412926846,
          -0.08533763757525029,
          0.4514005369475442,
          2.152570061062105
        ],
        [
          0.2909245100732261,
          0.8649455131535011,
          -0.40894032415137316,
          -1.969816947574354
        ],
        [
          -0.3555388678955244,
          0.4945571219819922,
          0.7930985856554563,
          3.818775331850693
        ],
        [
          0.0,
          0.0,
          0.0,
          1.0
        ]
      ]
    },
    {
      "file_path": "./data\\paper1\\mangkok_frame/frame_1035.jpg",
      "sharpness": 150.32795463681197,
      "transform_matrix": [
        [
          0.7816266643255204,
          -0.27377914043630175,
          0.5604504794634378,
          2.413883551851891
        ],
        [
          0.5725761339815012,
          0.6713457492848722,
          -0.4705862893398847,
          -2.192997521319331
        ],
        [
          -0.2474193372758651,
          0.6887233604333123,
          0.6815011404184479,
          2.9272225185726914
        ],
        [
          0.0,
          0.0,
          0.0,
          1.0
        ]
      ]
    },
    {
      "file_path": "./data\\paper1\\mangkok_frame/frame_1161.jpg",
      "sharpness": 313.65717846694423,
      "transform_matrix": [
        [
          0.9035246861282734,
          -0.08781492868571451,
          0.41944210555237,
          2.0656628143544675
        ],
        [
          0.26844544456853203,
          0.8789225775466881,
          -0.39424883762902757,
          -1.936651326435476
        ],
        [
          -0.33403620298288006,
          0.4688108797709708,
          0.8177017635797148,
          3.8629465287791622
        ],
        [
          0.0,
          0.0,
          0.0,
          1.0
        ]
      ]
    },
    {
      "file_path": "./data\\paper1\\mangkok_frame/frame_1099.jpg",
      "sharpness": 218.577542337069,
      "transform_matrix": [
        [
          0.910329914961044,
          -0.09638253798709993,
          0.4025044749461314,
          1.5215209373710932
        ],
        [
          0.3420978287226954,
          0.7226029486265045,
          -0.6006779954536782,
          -2.662699421502963
        ],
        [
          -0.23295605071660844,
          0.6845110554505572,
          0.6907793377459351,
          3.1994380440037826
        ],
        [
          0.0,
          0.0,
          0.0,
          1.0
        ]
      ]
    },
    {
      "file_path": "./data\\paper1\\mangkok_frame/frame_1149.jpg",
      "sharpness": 270.67491220830783,
      "transform_matrix": [
        [
          0.9031007366618743,
          -0.09359295663273497,
          0.4191054974144338,
          1.9569663220970752
        ],
        [
          0.2833274859439331,
          0.8632592580594616,
          -0.41774273073994755,
          -2.063283240023294
        ],
        [
          -0.3226989234648415,
          0.49600787479410285,
          0.8061275289884954,
          3.7457174693209887
        ],
        [
          0.0,
          0.0,
          0.0,
          1.0
        ]
      ]
    },
    {
      "file_path": "./data\\paper1\\mangkok_frame/frame_1048.jpg",
      "sharpness": 199.72238820924846,
      "transform_matrix": [
        [
          0.8262498838549915,
          -0.22100561221388237,
          0.5181386386412975,
          2.165329026593269
        ],
        [
          0.507088105224359,
          0.6923721856369623,
          -0.5133053770408165,
          -2.418883788039233
        ],
        [
          -0.24530141259345206,
          0.6868604486742619,
          0.6841417551084542,
          3.0239936188353482
        ],
        [
          0.0,
          0.0,
          0.0,
          1.0
        ]
      ]
    },
    {
      "file_path": "./data\\paper1\\mangkok_frame/frame_1060.jpg",
      "sharpness": 220.39438454751394,
      "transform_matrix": [
        [
          0.8646081853943762,
          -0.1776725868181596,
          0.46998418877220194,
          1.896253231256512
        ],
        [
          0.44466670992579127,
          0.7060840168752314,
          -0.5511051425997227,
          -2.518901733155166
        ],
        [
          -0.23393204758163988,
          0.6854763402431323,
          0.6894911051909013,
          3.047863705782575
        ],
        [
          0.0,
          0.0,
          0.0,
          1.0
        ]
      ]
    },
    {
      "file_path": "./data\\paper1\\mangkok_frame/frame_101.jpg",
      "sharpness": 102.01089657682166,
      "transform_matrix": [
        [
          -0.27175456545406096,
          -0.5917159129796074,
          0.758960957187563,
          2.426170121260028
        ],
        [
          0.9527253136980793,
          -0.05406307335510426,
          0.29898438210222095,
          0.8165994789871835
        ],
        [
          -0.1358820547201681,
          0.8043316868568553,
          0.5784346158203694,
          1.4241025564034315
        ],
        [
          0.0,
          0.0,
          0.0,
          1.0
        ]
      ]
    },
    {
      "file_path": "./data\\paper1\\mangkok_frame/frame_1086.jpg",
      "sharpness": 232.56252785067338,
      "transform_matrix": [
        [
          0.9049697751391749,
          -0.11185472463506936,
          0.4105097157374491,
          1.5293269207219098
        ],
        [
          0.35971065024112264,
          0.7164345348128394,
          -0.5977706963655622,
          -2.649894580143715
        ],
        [
          -0.2272398605936268,
          0.6886291294529471,
          0.6885869356025373,
          3.2270270828397134
        ],
        [
          0.0,
          0.0,
          0.0,
          1.0
        ]
      ]
    },
    {
      "file_path": "./data\\paper1\\mangkok_frame/frame_1262.jpg",
      "sharpness": 180.86568996479082,
      "transform_matrix": [
        [
          0.7303048587584223,
          -0.21490366895046362,
          0.6484375269823207,
          3.492170576009365
        ],
        [
          0.5931233455525018,
          0.6704085215056792,
          -0.44582183802044384,
          -2.2663835357644677
        ],
        [
          -0.33890929506418366,
          0.7101892898324852,
          0.6170669837080541,
          3.107813281190499
        ],
        [
          0.0,
          0.0,
          0.0,
          1.0
        ]
      ]
    },
    {
      "file_path": "./data\\paper1\\mangkok_frame/frame_1312.jpg",
      "sharpness": 130.8482746447338,
      "transform_matrix": [
        [
          0.5317975752708693,
          -0.39714445693006156,
          0.7479756809677892,
          4.081707579797473
        ],
        [
          0.7437265620997061,
          0.6414464469604244,
          -0.18819473029803324,
          -0.6903911216661566
        ],
        [
          -0.40504584900828056,
          0.6563708829916097,
          0.6364865467692176,
          3.14628566722981
        ],
        [
          0.0,
          0.0,
          0.0,
          1.0
        ]
      ]
    },
    {
      "file_path": "./data\\paper1\\mangkok_frame/frame_1325.jpg",
      "sharpness": 102.45113946809683,
      "transform_matrix": [
        [
          0.4488065404512611,
          -0.4300146347389025,
          0.7833646042629294,
          4.352143650768585
        ],
        [
          0.7892796070065944,
          0.6018258362699445,
          -0.12183334832568628,
          -0.230076949519112
        ],
        [
          -0.41905893528552407,
          0.6729733105691661,
          0.609505153444306,
          3.0819992989522267
        ],
        [
          0.0,
          0.0,
          0.0,
          1.0
        ]
      ]
    },
    {
      "file_path": "./data\\paper1\\mangkok_frame/frame_1288.jpg",
      "sharpness": 187.81256142439022,
      "transform_matrix": [
        [
          0.6544806926471113,
          -0.3087014390413701,
          0.690187253243221,
          3.811586775659938
        ],
        [
          0.6592526813928421,
          0.6799477172338725,
          -0.3210249272370354,
          -1.652651378779822
        ],
        [
          -0.370190390300421,
          0.6651124140988375,
          0.6485249043768992,
          3.349694686543077
        ],
        [
          0.0,
          0.0,
          0.0,
          1.0
        ]
      ]
    },
    {
      "file_path": "./data\\paper1\\mangkok_frame/frame_1275.jpg",
      "sharpness": 168.9588247083067,
      "transform_matrix": [
        [
          0.6954479762222059,
          -0.2627778952320552,
          0.6688048222010112,
          3.626107581785327
        ],
        [
          0.6274323468906026,
          0.6757337718589287,
          -0.38692702108718907,
          -2.0054799440010322
        ],
        [
          -0.3502581369336293,
          0.6887173929661052,
          0.634813035620711,
          3.311624420782225
        ],
        [
          0.0,
          0.0,
          0.0,
          1.0
        ]
      ]
    },
    {
      "file_path": "./data\\paper1\\mangkok_frame/frame_1338.jpg",
      "sharpness": 167.75789670952574,
      "transform_matrix": [
        [
          0.3655828858624282,
          -0.45414464747291616,
          0.8124664871794264,
          4.528250788170742
        ],
        [
          0.8335425343380353,
          0.5481728407917347,
          -0.0686540608441692,
          -0.1759306746034384
        ],
        [
          -0.41419318806556815,
          0.7023241244778462,
          0.5789514894986759,
          3.2108377763650773
        ],
        [
          0.0,
          0.0,
          0.0,
          1.0
        ]
      ]
    },
    {
      "file_path": "./data\\paper1\\mangkok_frame/frame_1363.jpg",
      "sharpness": 173.37727384706778,
      "transform_matrix": [
        [
          0.18288061602197747,
          -0.5067372019643577,
          0.8424797258582745,
          4.585797788069955
        ],
        [
          0.9242098599547935,
          0.38082469260917096,
          0.02843744475549215,
          0.04827841601329475
        ],
        [
          -0.3352473938158501,
          0.7734274120352533,
          0.5379769728421083,
          3.187854576463483
        ],
        [
          0.0,
          0.0,
          0.0,
          1.0
        ]
      ]
    },
    {
      "file_path": "./data\\paper1\\mangkok_frame/frame_1350.jpg",
      "sharpness": 203.65377818135224,
      "transform_matrix": [
        [
          0.28948051681991366,
          -0.47893916832995304,
          0.8287450171642458,
          4.575798012090345
        ],
        [
          0.8765302735886673,
          0.4805031683358387,
          -0.028484815332854206,
          -0.11018754124273937
        ],
        [
          -0.38457211272440955,
          0.7346658956942956,
          0.558900985752047,
          3.2004072251697346
        ],
        [
          0.0,
          0.0,
          0.0,
          1.0
        ]
      ]
    },
    {
      "file_path": "./data\\paper1\\mangkok_frame/frame_169.jpg",
      "sharpness": 86.58156991560948,
      "transform_matrix": [
        [
          -0.6368502765677447,
          -0.3399551646727637,
          0.6919914821017513,
          2.3652933762796606
        ],
        [
          0.7692483460129899,
          -0.2199243509081195,
          0.5999085447271706,
          2.14102860865418
        ],
        [
          -0.05175623057614805,
          0.9143652256867019,
          0.4015688318429148,
          1.0338916157781566
        ],
        [
          0.0,
          0.0,
          0.0,
          1.0
        ]
      ]
    },
    {
      "file_path": "./data\\paper1\\mangkok_frame/frame_181.jpg",
      "sharpness": 72.4346191071164,
      "transform_matrix": [
        [
          -0.6818671450638499,
          -0.3135854714965394,
          0.6608489605062907,
          2.3254108256316623
        ],
        [
          0.7304478632295971,
          -0.24402227913767957,
          0.6378863898771615,
          2.2840803673603256
        ],
        [
          -0.03877003482234371,
          0.9176694826599466,
          0.39544861240207646,
          1.1623262813636
        ],
        [
          0.0,
          0.0,
          0.0,
          1.0
        ]
      ]
    },
    {
      "file_path": "./data\\paper1\\mangkok_frame/frame_125.jpg",
      "sharpness": 110.93071103890738,
      "transform_matrix": [
        [
          -0.4546844114765149,
          -0.5039043664572167,
          0.7343993977932471,
          2.299132802947641
        ],
        [
          0.8838647015738127,
          -0.1536790828956025,
          0.4417758807302091,
          1.3658248892259917
        ],
        [
          -0.10975096936348604,
          0.8499783109008503,
          0.5152587658430865,
          1.2151075879450508
        ],
        [
          0.0,
          0.0,
          0.0,
          1.0
        ]
      ]
    },
    {
      "file_path": "./data\\paper1\\mangkok_frame/frame_219.jpg",
      "sharpness": 41.395309184797256,
      "transform_matrix": [
        [
          -0.8623329269242547,
          -0.1921209241126197,
          0.46847782627765705,
          1.6329755814837659
        ],
        [
          0.5049913263937781,
          -0.39384872610491584,
          0.7680279560115879,
          2.5356171276515234
        ],
        [
          0.0369551544345826,
          0.8988730341451533,
          0.4366481250430715,
          1.2420131107657528
        ],
        [
          0.0,
          0.0,
          0.0,
          1.0
        ]
      ]
    },
    {
      "file_path": "./data\\paper1\\mangkok_frame/frame_1389.jpg",
      "sharpness": 230.82863484384777,
      "transform_matrix": [
        [
          0.02321718578323079,
          -0.540786604991121,
          0.8408393486272878,
          4.297902294095138
        ],
        [
          0.9639634948205261,
          0.23506863177689888,
          0.1245677286085139,
          0.7889948002061427
        ],
        [
          -0.26501951427164905,
          0.8076463249876763,
          0.5267561777951424,
          2.9847779352623074
        ],
        [
          0.0,
          0.0,
          0.0,
          1.0
        ]
      ]
    },
    {
      "file_path": "./data\\paper1\\mangkok_frame/frame_130.jpg",
      "sharpness": 118.76558311824448,
      "transform_matrix": [
        [
          -0.48052309632452245,
          -0.4787613456741382,
          0.7347687580732183,
          2.2889194454999693
        ],
        [
          0.8716327010341385,
          -0.1683275700204568,
          0.46035015331993795,
          1.4330293784985308
        ],
        [
          -0.09671601931133564,
          0.861657358301624,
          0.4981893300237007,
          1.205901327280865
        ],
        [
          0.0,
          0.0,
          0.0,
          1.0
        ]
      ]
    },
    {
      "file_path": "./data\\paper1\\mangkok_frame/frame_156.jpg",
      "sharpness": 71.58606495427445,
      "transform_matrix": [
        [
          -0.5891205823948834,
          -0.37287105017255867,
          0.7168710619040248,
          2.412429472639389
        ],
        [
          0.8055099629829455,
          -0.20077504981240718,
          0.5575330294348392,
          1.8091977399697476
        ],
        [
          -0.06395810302840275,
          0.9059009655428919,
          0.4186320600977569,
          1.0291863824097678
        ],
        [
          0.0,
          0.0,
          0.0,
          1.0
        ]
      ]
    },
    {
      "file_path": "./data\\paper1\\mangkok_frame/frame_1376.jpg",
      "sharpness": 186.37151458389152,
      "transform_matrix": [
        [
          0.08783380903610627,
          -0.526551391473934,
          0.8455937879268923,
          4.424221744555226
        ],
        [
          0.95311678132762,
          0.29118991446352877,
          0.08232153344751612,
          0.3737467122535575
        ],
        [
          -0.2895749007623807,
          0.7987190156111212,
          0.5274412867854453,
          3.1048736621931767
        ],
        [
          0.0,
          0.0,
          0.0,
          1.0
        ]
      ]
    },
    {
      "file_path": "./data\\paper1\\mangkok_frame/frame_206.jpg",
      "sharpness": 76.53695352341065,
      "transform_matrix": [
        [
          -0.7881215472447394,
          -0.2500819753008233,
          0.5624263795837405,
          1.93325902088485
        ],
        [
          0.6155031320463832,
          -0.3268925324102884,
          0.7171451503693175,
          2.5226922912361363
        ],
        [
          0.0045079077347142185,
          0.9113727436874282,
          0.41155728749195064,
          1.1814978215379102
        ],
        [
          0.0,
          0.0,
          0.0,
          1.0
        ]
      ]
    },
    {
      "file_path": "./data\\paper1\\mangkok_frame/frame_194.jpg",
      "sharpness": 83.3661330701605,
      "transform_matrix": [
        [
          -0.731405254571742,
          -0.2873047919370825,
          0.6184677115002146,
          2.191119452972457
        ],
        [
          0.6816878090909884,
          -0.28321594486101354,
          0.6746039278835854,
          2.444811629018632
        ],
        [
          -0.01865702386197009,
          0.9150107568548896,
          0.4029978044067782,
          1.194592659809898
        ],
        [
          0.0,
          0.0,
          0.0,
          1.0
        ]
      ]
    },
    {
      "file_path": "./data\\paper1\\mangkok_frame/frame_143.jpg",
      "sharpness": 90.35296221770271,
      "transform_matrix": [
        [
          -0.5428153168014185,
          -0.42018089091222943,
          0.7271860496540472,
          2.333833293201828
        ],
        [
          0.8365649156932312,
          -0.1939775787411248,
          0.5123786107749402,
          1.566959929577277
        ],
        [
          -0.07423391195356936,
          0.8864652942522019,
          0.4568025924386318,
          1.092916934731295
        ],
        [
          0.0,
          0.0,
          0.0,
          1.0
        ]
      ]
    },
    {
      "file_path": "./data\\paper1\\mangkok_frame/frame_231.jpg",
      "sharpness": 55.196334778012606,
      "transform_matrix": [
        [
          -0.9216091271176777,
          -0.1034298146280073,
          0.3740840685098551,
          1.4202691133698413
        ],
        [
          0.3772297599957392,
          -0.4654201830432435,
          0.8006758154161403,
          2.492838241280014
        ],
        [
          0.09129252447379818,
          0.8790257827321059,
          0.4679522927859604,
          1.397576651272052
        ],
        [
          0.0,
          0.0,
          0.0,
          1.0
        ]
      ]
    },
    {
      "file_path": "./data\\paper1\\mangkok_frame/frame_244.jpg",
      "sharpness": 54.97131029916601,
      "transform_matrix": [
        [
          -0.9704797881282037,
          0.04291632009896103,
          0.23733345814966159,
          0.9515557284228595
        ],
        [
          0.17846720661309734,
          -0.5341240503452919,
          0.8263540131258562,
          2.5793622839027535
        ],
        [
          0.16222958129172246,
          0.8443161068890688,
          0.5106974394471023,
          1.5878053388962965
        ],
        [
          0.0,
          0.0,
          0.0,
          1.0
        ]
      ]
    },
    {
      "file_path": "./data\\paper1\\mangkok_frame/frame_257.jpg",
      "sharpness": 54.37265768742114,
      "transform_matrix": [
        [
          -0.9785539872015444,
          0.18188992995963646,
          0.09668581883976216,
          0.5738008488376831
        ],
        [
          -0.02183399527140225,
          -0.5583127617078627,
          0.8293431960095756,
          2.7327822596458065
        ],
        [
          0.2048301023690966,
          0.8094460535022836,
          0.5503105629453893,
          1.6561057568814233
        ],
        [
          0.0,
          0.0,
          0.0,
          1.0
        ]
      ]
    },
    {
      "file_path": "./data\\paper1\\mangkok_frame/frame_282.jpg",
      "sharpness": 31.30784682645155,
      "transform_matrix": [
        [
          -0.9531307522588252,
          0.3023320308655239,
          -0.011709494640310871,
          -0.03866201440342976
        ],
        [
          -0.17809580320678145,
          -0.5293367700823665,
          0.8295085706137396,
          2.8720343685227547
        ],
        [
          0.24458874470181077,
          0.7927155397673281,
          0.5583712197389954,
          1.7299731292061145
        ],
        [
          0.0,
          0.0,
          0.0,
          1.0
        ]
      ]
    },
    {
      "file_path": "./data\\paper1\\mangkok_frame/frame_295.jpg",
      "sharpness": 46.1604304464788,
      "transform_matrix": [
        [
          -0.9227636989771789,
          0.37216689381963974,
          -0.09999479510490603,
          -0.23081864507561842
        ],
        [
          -0.2959265651245482,
          -0.5181169024392781,
          0.8024851048231758,
          2.5845997145561252
        ],
        [
          0.24684939529876518,
          0.7700952399464511,
          0.5882335399385853,
          1.7825722536002793
        ],
        [
          0.0,
          0.0,
          0.0,
          1.0
        ]
      ]
    },
    {
      "file_path": "./data\\paper1\\mangkok_frame/frame_27.jpg",
      "sharpness": 64.39431056992365,
      "transform_matrix": [
        [
          -0.13063416887177437,
          -0.536177533950319,
          0.8339354687645877,
          2.626420913865165
        ],
        [
          0.974436455189765,
          0.08563505410220719,
          0.2077022684249437,
          0.6505510332738332
        ],
        [
          -0.18277939906537852,
          0.8397501352484545,
          0.5112840714160074,
          1.5580586679082773
        ],
        [
          0.0,
          0.0,
          0.0,
          1.0
        ]
      ]
    },
    {
      "file_path": "./data\\paper1\\mangkok_frame/frame_332.jpg",
      "sharpness": 105.89737867254973,
      "transform_matrix": [
        [
          -0.7509520357282128,
          0.5713669704640374,
          -0.3310752560247873,
          -1.0983260298978552
        ],
        [
          -0.6156171993384,
          -0.42433288636834127,
          0.6640459814107809,
          1.9085046222459214
        ],
        [
          0.23892782165336057,
          0.7024823034417881,
          0.6703969789962715,
          2.0983581863195613
        ],
        [
          0.0,
          0.0,
          0.0,
          1.0
        ]
      ]
    },
    {
      "file_path": "./data\\paper1\\mangkok_frame/frame_420.jpg",
      "sharpness": 170.48509391100774,
      "transform_matrix": [
        [
          -0.38948048309976185,
          0.8170889158704678,
          -0.42505371060546887,
          -1.3061820980741854
        ],
        [
          -0.8958476365067914,
          -0.22888824339619618,
          0.3808768622572783,
          0.792961928625982
        ],
        [
          0.21392046529242414,
          0.5291274663478368,
          0.8211346777122612,
          2.672485608017348
        ],
        [
          0.0,
          0.0,
          0.0,
          1.0
        ]
      ]
    },
    {
      "file_path": "./data\\paper1\\mangkok_frame/frame_396.jpg",
      "sharpness": 95.07296071907933,
      "transform_matrix": [
        [
          -0.43405427476814407,
          0.7500102689762668,
          -0.4990806378122934,
          -1.5617771911918967
        ],
        [
          -0.8787420447044031,
          -0.23040237062813199,
          0.41800378763883406,
          0.9575884193010022
        ],
        [
          0.19851777111354763,
          0.6199994710374641,
          0.7590726911973591,
          2.4345845850379275
        ],
        [
          0.0,
          0.0,
          0.0,
          1.0
        ]
      ]
    },
    {
      "file_path": "./data\\paper1\\mangkok_frame/frame_408.jpg",
      "sharpness": 124.81415537143143,
      "transform_matrix": [
        [
          -0.401947195300872,
          0.786459197246649,
          -0.4689566966249614,
          -1.4510500681216474
        ],
        [
          -0.891854190968499,
          -0.22022433881036801,
          0.3950915623627139,
          0.9062243578802603
        ],
        [
          0.20744771452977798,
          0.5770469406464473,
          0.7899254864119619,
          2.5057516737367496
        ],
        [
          0.0,
          0.0,
          0.0,
          1.0
        ]
      ]
    },
    {
      "file_path": "./data\\paper1\\mangkok_frame/frame_383.jpg",
      "sharpness": 101.52254354425763,
      "transform_matrix": [
        [
          -0.4789873128306718,
          0.7210625090493727,
          -0.5006396031519604,
          -1.5049611369853813
        ],
        [
          -0.8545973998031391,
          -0.2527213192830508,
          0.4536465794341428,
          1.1296159123626808
        ],
        [
          0.2005852397945422,
          0.6451362591501268,
          0.7372684509475322,
          2.3604020429987265
        ],
        [
          0.0,
          0.0,
          0.0,
          1.0
        ]
      ]
    },
    {
      "file_path": "./data\\paper1\\mangkok_frame/frame_345.jpg",
      "sharpness": 125.14187841440713,
      "transform_matrix": [
        [
          -0.6749697109820842,
          0.62244771187617,
          -0.39620037265297864,
          -1.2371707319850633
        ],
        [
          -0.7023640473854673,
          -0.37751228604187476,
          0.6034643476051359,
          1.7599512253539997
        ],
        [
          0.22605449395479357,
          0.6855970536032076,
          0.6919942528010405,
          2.1581204380255925
        ],
        [
          0.0,
          0.0,
          0.0,
          1.0
        ]
      ]
    },
    {
      "file_path": "./data\\paper1\\mangkok_frame/frame_307.jpg",
      "sharpness": 75.4037845470017,
      "transform_matrix": [
        [
          -0.8654615914026013,
          0.4597826414893932,
          -0.1989375692155462,
          -0.42670024579356397
        ],
        [
          -0.43378479166155265,
          -0.48911837496221056,
          0.7566993919650126,
          2.2813287022645654
        ],
        [
          0.2506132246774508,
          0.7411903519992419,
          0.622759884527124,
          1.888102293651119
        ],
        [
          0.0,
          0.0,
          0.0,
          1.0
        ]
      ]
    },
    {
      "file_path": "./data\\paper1\\mangkok_frame/frame_32.jpg",
      "sharpness": 98.78692057847053,
      "transform_matrix": [
        [
          -0.13088438946382228,
          -0.5542655005963603,
          0.8219848122056918,
          2.6130779497061924
        ],
        [
          0.9742440926521053,
          0.08165865460922384,
          0.21019113221693636,
          0.671804086017641
        ],
        [
          -0.18362386699306824,
          0.8283245855520686,
          0.5293020465639006,
          1.6001330578852822
        ],
        [
          0.0,
          0.0,
          0.0,
          1.0
        ]
      ]
    },
    {
      "file_path": "./data\\paper1\\mangkok_frame/frame_433.jpg",
      "sharpness": 129.80610027800415,
      "transform_matrix": [
        [
          -0.3682062249426169,
          0.8469447663638693,
          -0.38354757031668874,
          -1.1115537577209975
        ],
        [
          -0.9050415555697562,
          -0.23204168559236513,
          0.35644977043347903,
          0.7798282943390394
        ],
        [
          0.212894242819097,
          0.47837351402739026,
          0.8519594019129065,
          2.7110837755240453
        ],
        [
          0.0,
          0.0,
          0.0,
          1.0
        ]
      ]
    },
    {
      "file_path": "./data\\paper1\\mangkok_frame/frame_358.jpg",
      "sharpness": 152.92353477361158,
      "transform_matrix": [
        [
          -0.605354887485849,
          0.6617924447280972,
          -0.44224000311061984,
          -1.3380437430950962
        ],
        [
          -0.7658309857354343,
          -0.3328600992416622,
          0.5501882001852401,
          1.5626350127967057
        ],
        [
          0.2169063427371076,
          0.6717402135330254,
          0.7083196482233466,
          2.253576474085525
        ],
        [
          0.0,
          0.0,
          0.0,
          1.0
        ]
      ]
    },
    {
      "file_path": "./data\\paper1\\mangkok_frame/frame_370.jpg",
      "sharpness": 146.94045813983465,
      "transform_matrix": [
        [
          -0.5419390609488383,
          0.692206605278081,
          -0.4766047312823947,
          -1.432513590253869
        ],
        [
          -0.8143596772575736,
          -0.29240286662695747,
          0.5013171447776634,
          1.3929826384182067
        ],
        [
          0.20765444927930368,
          0.6598110178249231,
          0.7221696826283802,
          2.2580723246185572
        ],
        [
          0.0,
          0.0,
          0.0,
          1.0
        ]
      ]
    },
    {
      "file_path": "./data\\paper1\\mangkok_frame/frame_446.jpg",
      "sharpness": 159.139899975083,
      "transform_matrix": [
        [
          -0.34873972039848716,
          0.8730127006975041,
          -0.3409243785514797,
          -1.0095364034481384
        ],
        [
          -0.9129843435483819,
          -0.23426003070739826,
          0.33403866011473815,
          0.6788002832876695
        ],
        [
          0.2117550374157729,
          0.4277511688821618,
          0.8787427050651497,
          2.7775931729369123
        ],
        [
          0.0,
          0.0,
          0.0,
          1.0
        ]
      ]
    },
    {
      "file_path": "./data\\paper1\\mangkok_frame/frame_484.jpg",
      "sharpness": 129.56919524112138,
      "transform_matrix": [
        [
          -0.3257496520403943,
          0.9275772203376413,
          -0.18299635121972896,
          -0.6232152676008668
        ],
        [
          -0.9083341756599822,
          -0.2533376331697772,
